1.297981
1.212914
1.372157
1.433127
1.678342
2.110758
2.807186
5.487345
15.778094
4.973680
2.304026
1.565687
1.121678
0.859238
0.733721
0.573963
0.538012
0.434394
0.416786
0.359675
0.334870
0.314833
0.279940
0.282880
0.246513
0.256400
0.229764
0.233532
0.223802
0.215644
0.222864
0.205560
0.223006
0.205560
0.222864
0.215644
0.223802
0.233532
0.229764
0.256400
0.246513
0.282880
0.279940
0.314833
0.334870
0.359675
0.416786
0.434394
0.538012
0.573963
0.733721
0.859238
1.121678
1.565687
2.304026
4.973680
15.778094
5.487345
2.807186
2.110758
1.678342
1.433127
1.372157
1.212914
